TS_SOLUCAO_F1001.txt_2 50 75 25 299 273 5652.86 2 
TS_SOLUCAO_F1001.txt_5 50 75 25 299 276 1586.44 2 
TS_SOLUCAO_F1001.txt_4 50 75 25 298 275 2458.96 2 
TS_SOLUCAO_F1001.txt_3 50 75 25 295 275 2751.95 1 
TS_SOLUCAO_F1001.txt_10 50 75 25 294 276 2333.81 2 
TS_SOLUCAO_F1001.txt_6 50 75 25 294 276 2335.47 2 
TS_SOLUCAO_F1001.txt_1 50 75 25 299 273 5694.53 2 
TS_SOLUCAO_F1001.txt_8 50 75 25 298 275 2024.99 2 
TS_SOLUCAO_F1001.txt_9 50 75 25 299 278 1828.05 2 
TS_SOLUCAO_F1001.txt_7 50 75 25 293 276 2430.79 2 
